253842267201
253842980001
253843471001
253843471003
253835367001
253838847001
253840092001
253842111001
254169823002
254179771001
254182779001
254147342801
254148896001
254151849001
308191251001
308191251002
308191251002
308191251001
307959580004
307959580003
307959580004
307959580005
307959580005
254438525209
254438525210
254438539201
254438539202
255635751301
254828898301
202010903001
202011063001
202011278001
202011278601
202011427001
202010905501
202012204001
202012204002
254190250001
254193808001
254194211001
254201541001
254182782101
254187103001
254187103002
254187894001
201989634001
201991882001
201992600001
254436809001
254438525001
254438525002
254438525004
254438525003
254438525005
254438525006
254438525007
254438525008
254438525009
202008071001
202008220001
308424433001
308437495001
308520920001
308487922001
308520977001
308522859001
308487922001
308526183001
255012182001
255013443001
255012242003
255011773001
254438525202
254438525203
254438525015
254438525016
254438525017
254438525201
254438525011
254438525010
254438525012
254438525013
254438525014
202029560009
202029560013
202029560010
202029560011
202029560012
202029560301
202029560302
202029560303
202029560304
202029560305
202029560306
202029427101
202027385001
202029560001
202029560002
202029560003
202029560307
202029560308
202029560309
202029560310
202029560311
202029560018
202029560014
202029560015
202029560016
202029560017
202029560004
202029560005
202029560006
202029560007
202029560008
202038267001
202038710001
202038710002
202038710004
202038710003
202038710005
201949305009
201949305010
201949305011
201949305012
201951723002
201951972001
201953134001
201953157301
201965956001
202017735501
202017880001
202018237001
202018885001
202018885401
202019354001
202060167601
202060168601
202019441401
202022380101
308534406001
253697840001
308535026001
308535026001
307879534001
307879534002
307879534003
202062921404
201922557501
201922557502
201922557503
201936094201
201936094202
255608187001
255643195001
255642578001
202014119014
202014119201
202014119013
255003096001
201949305007
201949305004
201949305005
201949305006
201949305008
393143977001
311043514001
256633651001
256633651002
255017220001
255019028401
255019626001
255017220701
255017220301
254967811201
254962225101
254967460101
254967811401
401838744001
253958016001
253932284001
253935863001
253945865001
253955559201
202060188101
202060188201
202060188401
202062058101
402127226001
402127226001
402130136001
402130136001
256547678004
256547678005
256547678005
256547678005
256547678006
256547678006
256547678006
311072363001
311072363001
301122942004
256723285010
256723285024
301122942001
301122942002
301122942003
256552637001
256582809007
256582809008
256582809009
256582809010
256582809011
256582809012
256626434001
256642275001
256580546001
402214620001
202166582001
311127121001
256627063001
256582809006
310994651017
310994651016
202169342604
202169342605
202169342606
256564220003
256564220004
256564220005
256564220006
256564220007
202169342607
256580720001
256601985001
256614046001
256601985001
256731630010
256723231008
256473630001
202169030001
202169030001
256424998001
256424998001
256616511001
256616511001
256475933003
256475933003
256660454001
256612640001
256626989001
402121387001
402121387001
254689457001
254687045001
254689399001
256627229001
256613802011
256613802010
256609493206
256609493207
256613802012
256609493208
256609493209
256609493210
302803182901
402036782001
402036782001
307025033001
402043717002
307025033001
256597174001
401932349001
401932349002
401932349003
256585804001
256613604001
393174122001
311063829001
311063829002
256654320001
309254314001
309254314002
309254314002
256536453001
256536453001
402132584001
254661723101
202024047001
254668205009
254668205010
254668205006
254668205007
254668205008
254115140001
254117348101
254123134001
254125866001
254107964001
254108011801
254111941001
254109629001
254111792001
402214684001
202165322001
402204106001
402204104001
402204182007
402208772001
256628259001
202172540001
256641981001
256611500001
256617355001
256595735005
256723285009
256609493111
256609493107
256609493108
256609493109
256609493112
256609493110
402044868001
402044868002
402044868003
256623599001
256678080002
202173326001
256619020001
309293272001
309293272001
402043717001
402043717001
402043717002
256591174001
256591174001
256723260001
256724143001
256640487002
256640487003
256640487004
256640487005
256640487006
256640487007
256613802002
256613802003
256613802004
256613802005
256613802001
256613802006
202058046509
202058046510
202058580001
202059663001
202059663002
202059663006
202059663003
202059663004
202059663005
202059663007
255686710001
255689119001
254438539206
254438539207
254438539208
254438539209
256643455001
401838538001
393149457001
392978865001
256594881001
256594881001
256678084006
256678080004
256678084012
256678084003
256588805004
256588805005
256588805006
256588805007
256588805008
254668205014
254668205015
256609894004
256609894005
256609894006
256615776001
256609894003
256609894007
304568515001
402128521001
402130560001
401946026001
256612143001
402127261001
402128489001
402128489001
402120571001
402120571001
402127455001
402127455001
402126500001
402126500001
401944439001
401944439001
401944062001
401944062001
402227562001
311072360001
311072360001
311072360001
256551083001
256551083001
401962277007
401962277007
401962277008
401962277009
401962277008
402227562001
401944061001
401944061001
402128133001
402128133001
256522559001
256642795001
401962277016
401962277016
401962277017
401962277017
401800817002
402042389001
305666215001
392978751001
301122822001
392975966001
301122031001
392979004001
402044761001
256642897005
256642897005
256642897006
256642897006
256642897007
256642897007
256642897008
256642897008
256642897009
256642897009
256642897010
256642897010
401962277001
401962277001
401962277002
401962277002
401962277003
401962277003
401962277004
401962277004
401962277005
401962277005
401962277006
401962277006
256654280001
256551083001
256564558001
256564558001
256564558001
256598512001
256598512001
311042697001
256615100001
256642795002
256642795002
256642795003
256642795003
256723577001
311074131001
256642795001
256595740011
311073174001
311073174001
311073174001
256605435001
256605435001
256605435001
256605435901
256605435901
256605435901
256512675001
256512675001
310994651007
310994651004
310994651003
256642795004
256642795004
256642795005
256642795005
256642795006
256642795006
256663425001
202176219001
256659029001
256645680001
256669544001
256630514009
401932284001
256630514001
256630514002
256630514010
256630514011
256630514003
256630514004
256630514005
256630514006
256630514012
256630514007
256686330001
256630514008
256512675001
256512675002
256512675002
256512675002
256512675004
256512675003
256512675003
256512675003
256512675004
256678080003
256682644004
256682641003
256682641004
253749410001
253757260101
253757260102
253757260103
253757260104
255010696001
254702647301
202014736601
254206984001
254207919001
254221109001
254221109002
254227185001
254779180004
254683153001
254683156001
254683151001
254681798601
254779180003
255696479001
255763731001
201936094209
201936094210
201936094211
254046169001
254077642001
301249112001
301249112001
253996786001
254001865001
254007718001
254019187001
254036411001
253958016009
253958016010
253958016010
253962387001
253982976001
253993965001
309508154001
307267276001
256643144701
256643144702
256651922001
202174598001
256316322001
256605067001
256636671001
256636671002
256636671002
256535645001
256535645001
402043970001
402043970001
402037408001
402037408001
202166583001
256583074001
256582812012
402204207001
402133193001
402132155001
392977496001
392978708001
392978789001
301122953201
256514536001
256640815001
256664174003
256664174004
256601161001
256666804001
202176032001
256590871001
256590871001
311072362001
256590871001
311072362001
311073173001
311073173001
311073173001
301122942016
256682641005
256682644005
402129277001
401945582001
401945582001
402127238001
402127238001
256635007001
256559665001
256570111001
256588167001
256634881001
256682644003
304604963001
304604963001
402226612001
402226612001
402129297001
402129297001
402128060901
402128060901
402128060001
402130880001
402124347001
256512660010
256567117001
256512660010
256512660011
256512660011
256512660011
256682641010
256682644008
256654889001
311108744101
256641210601
311108745301
401986791001
256631217001
310994651008
256663877001
256665922001
402009368001
256615075001
256705598001
256512660008
256512660009
256512660009
256512660009
256512660010
402130986001
401986725001
401932286001
202175747004
254438539203
254438539204
254438539205
202175747001
202175747002
202175747003
401847664001
401847945006
311043330001
309295240001
393149635001
393149837001
311042557008
311042557009
311042557010
309295241001
256648706001
401798635002
401798635002
401798635003
401798635004
401798635003
309295212001
311043334001
311043328001
311043185001
401847945004
401838636001
401838636001
392979021001
392979021001
256612609001
256609493004
256609493211
256609493212
256609493001
256609493002
256609493003
256616221001
402204131001
402204182001
402204182002
402204182003
402204182004
256658819001
256664311001
256663591001
256626099001
402206054005
402049705701
402049705701
402049705301
254712370001
254710960001
254711334001
254704000001
202014119202
201912451001
202014119203
201912082001
78324819001
255281206001
311043128001
311043137001
311043253001
393146162001
393149773001
402098091021
402098091020
402098091022
402098091023
402098091024
308036883002
308036883003
401798592001
401944063001
401944063001
401944399001
401945778001
401945778001
402125155001
402125155001
311042556005
311042556001
311042556002
311042556003
311042556004
256569635001
256650224001
393149270001
401847932001
256691236001
256691236001
256691236002
256623514001
256691236002
256691236003
256691236003
393149597001
256691236004
256691236004
256691236005
256691236005
393149597001
256633635002
256633635003
402044325002
402044325003
402044325004
256633635001
402098086007
402098086006
402098086008
402098086009
402098086010
402098086011
402098085001
402098085002
402126614001
402126614001
402226613001
402130699001
402226613001
402130699001
311042556007
311042556008
311042556006
311042556009
308037230001
301473427001
301473432001
308036887001
256557681001
393149433001
402042875001
256617386001
256648222001
401798635009
401798635009
401798635010
401798635010
401798635011
401798635011
401798635008
256633635004
256633635005
256633635006
256633635007
256633635010
256633635008
256633635009
402043187001
402098085003
402098087001
402098087002
402098087003
402098087004
402098087005
402098087006
402098087007
402098087008
402098087009
402098087010
402098338001
393149807001
311043675001
393147461001
256601881001
402044353001
202005336101
202005336401
202007252001
254438539210
254438539211
254438539212
254438539215
254438539216
254438539213
254438539214
254438539217
254438539218
254467148001
202066950008
202066950007
202066950009
202066950010
202066950011
202069701001
202066950016
202070690001
202066952201
256723255006
254851715001
201874405513
201881480101
201878868001
201874403001
253958016004
253958016005
253958016005
253958016004
253958016006
253958016006
253958016007
253958016007
253958016008
253958016008
253958016009
256595832009
256595832010
256595832011
256595832012
301477928901
401847930001
202176334001
393149772001
202175388001
202175388002
402009174001
402009459001
402009459002
402129827001
402128315001
402128315001
402128292001
402128292001
402126098001
402126098001
255011546001
255012242001
255011546002
255011546003
255012242002
202015373006
202015373001
202015373002
202015373003
202015373005
202015373004
254757692001
254753837001
254754599001
254761021001
254760857001
401798592002
393149297001
311043620001
402042870001
311042989001
256623949001
401838791001
401838791001
401799643001
401799643001
401799643002
401799643002
401799643003
401799643003
401799643004
401799643004
309295496001
401843806001
202172124001
308036886001
311042111001
401847942001
256573562001
392978130001
401799643005
401799643006
401799643005
401799643006
401799643007
401798635012
401798635013
401798635012
401798635013
401798635014
401798635014
401798635015
401798635015
402098089006
402098089001
402098089002
402098089003
402098089004
402098089005
256641849001
256629584001
256579825001
401798529001
393174044001
256653525001
392978566001
307266927001
256656408001
256642214002
256682627004
255183835001
256651319005
256651319006
256655544001
256651319007
256651319008
256651319009
256651319010
256651319011
256651319012
256651319013
256651319014
256651319015
256653214001
402098090001
402098090002
402098090003
402045530001
301477928001
308036491001
256557672001
308037229001
202060185901
202060187201
202060187301
202060187401
256643080001
256566538001
256731630005
256731630011
256682627006
256570447001
256570447001
402037407001
256597099001
402037407001
256482242001
254711335001
254142091301
254146336001
254147342201
254147342701
254147342301
256643981001
256643981002
256643981002
256643981004
256643981005
256643981005
256475911004
256475911005
256475911005
256475911005
256475911006
256615615001
256616847001
256588221001
256621759001
393149651003
393149651004
393149651005
393149651006
202169201001
256617236001
256535529001
256595832005
256595832004
256595832006
256595832007
256595832008
256475911003
256475911003
256475911004
256475911004
256550808001
256550808201
256550808101
256550808401
256551815001
256550825301
256550808901
256550808701
256563690001
256550808501
402037404001
309250672001
309250672001
401847621001
401847621001
402197206001
256643363001
256643323001
401932285001
256623959001
256655608001
256582809002
256582809003
256582809004
256582809005
256582809001
256625712001
256625712001
256625712001
256475911001
256475911001
256564220008
202175996010
202175996011
202175996012
202175996009
202175996013
402196850001
256629643001
256575533101
256574584001
256550808601
256554268001
256582564001
256550825201
309293279001
402039771001
309293279001
256645741002
256590692101
256599375001
308906609001
256595832001
402039771001
392978954001
392978954001
256598695001
256598695001
393149505001
393149505001
402043975001
402043975001
402039114001
402039114001
393149639001
393149639001
401839083001
254694629001
254694880001
254697212001
254694658001
254751911001
254775347001
254777539001
254779180001
254779180002
402098082006
402098082007
402098082008
401838772001
402043169001
401945301001
401945301001
402227757001
402227757001
402226943001
402226943001
402126376001
402126376001
402227340001
311043149001
311043149002
311043149003
311043149004
256691236006
256691236008
256691236006
256691236007
256691236007
256691236008
256691236009
256691236009
308037288001
393147460001
301477935001
309295251001
311043196001
393149818001
256594406001
393149869001
401799648001
309295515001
256666729001
402098091025
402098091026
402098091027
402098091028
402098083001
402098083002
401801025901
402043790001
393149585001
401847913001
309295512001
401931241001
401931241001
402129245001
402129245001
402227340001
402228382001
402228382001
402227200001
402227200001
401944822001
401944822001
402124462001
402124462001
311042557001
311042557002
311042557003
311042557004
311042557005
311042557006
311042557007
311043149005
311043149006
311043149007
311043149008
311043149009
401838785001
311044110001
401847914001
393147462001
401847933001
256691236010
256691236010
256691236011
256691236011
401798635001
256691236012
256691236012
401800909001
401800909001
402050435001
402050435001
401801010001
401801010001
401798635001
401838136001
309295250001
256633635011
256633635014
301473431001
256568449001
401843807001
256633635012
256633635013
311043655001
256613505001
256613505002
256613505003
256613505004
256613505005
256613505006
256613505007
256613505008
256613505009
256613505010
256613505011
402009346001
402009346002
402009346003
402009346004
402009346005
402009346006
402009346007
402009346008
402126298001
402126298001
401944310001
256643181004
256643181007
256643181005
256643181005
256643181006
256643181006
256643181007
256643181008
256567117001
256567117001
256576022001
256576022001
256576022001
256663911001
256595740013
256634938001
202172864001
256598520001
393149758001
256638967001
402226942001
401944842001
401944842001
402127261001
401944310001
402226942001
401986733001
402128506001
402228075001
401962271001
256643181008
401962271001
392978897001
392978888001
402044844001
392979005001
392977150001
402044843001
392978825001
309002415001
256666781001
310994651013
310994651002
310994651014
310994651018
310994651012
310994651001
310994651015
310994651011
402148547001
256557119001
256557119001
256557119001
256719812001
256584337001
256584337001
256591325001
256680066001
311091021001
401962277009
401962277010
401962277010
401962277011
401962277011
401962277012
401962277012
401962277013
401962277013
401962277014
401962277014
401962277015
401962277015
256593439001
256682641002
256595735004
393149634001
256495973001
256495973002
253624470701
253661861101
253867633014
253903580002
253907749001
253869016001
253897218001
253903580001
201872803310
201872803311
201872803314
201872803315
253910633001
253910633001
253913517101
253932203001
253932203001
201872803303
201872803304
201872803305
201872803306
201872803307
201872803308
201872803309
253867633007
253867633006
253867633008
253867633009
201874405511
201874405512
256615966001
256631274001
311016966001
256659900001
256659896001
256628886401
256649818001
202062919203
202062919202
202062919204
202062919205
202062405801
202062919201
202062916101
202062916901
402206054006
402148673001
256664005001
256602404001
256664954001
402049705301
302803182901
256568936001
256597554001
256465219001
256465219001
402043987001
402043987001
256551879001
256551879001
309293280001
309293280001
256571045001
256571045001
256660561001
256647888001
256639019001
202169152001
256609493006
256609493007
256609493008
256609493005
256609493009
256609493010
256609493011
256609493012
256609493013
256609493014
256609493101
256609493102
256609493103
256609493104
256609493105
256609493106
402204103001
402126719001
201909259310
201909259306
201909259307
201909259308
201909259309
201909259311
201909259312
201909259313
201911774001
201911774301
254702647101
254699110001
256595832013
256595832014
255645229401
254165487001
254169285201
254169285202
254169823001
201949305001
201949275803
201949305002
201949305003
255671805001
255738905001
256559208001
201872803316
201870055001
201870050301
201869674801
201864274601
201864274602
253932284001
308689615001
308731868001
308731868001
253744033101
308740309001
308741230001
201883850001
201882495701
201882494501
201883079001
254971820001
202062921405
202062921406
202062921407
254997447201
254994201001
254996562001
255660100101
255695600701
255798505001
201936094212
201936094213
201936094214
201936549001
201936612001
201946312101
201949275802
256723285023
256723285018
255590186001
253867633001
253867633002
253867633003
253867633004
253867633005
201874405506
201874405507
201874405508
201874405509
201874405510
201985309001
255283422001
254647098501
254647347501
254650535001
254644295001
256661831001
256552652001
256643969001
201877465101
201877465102
201877465103
201877465104
201877465105
201877465106
201877465107
201877465108
201877465109
254612399001
254612403001
254612403001
254612404001
254612404001
254606766001
254607132001
254612331001
254612331001
254612399001
256631463001
256619975001
255611498001
255611498002
255611498003
255611498004
255611498005
254717414001
255611498006
255611498007
255611498008
255611498009
255611498010
201874407201
201879027601
201882493001
201883028001
201882493101
201882493201
201917210007
201919384001
201920573201
201922165301
202008777301
202008777201
202008870101
202059593001
254587400001
256643969006
256643969006
256643981001
256643969007
256643969007
256643990001
256643990001
256643990002
256643990002
256643990003
256643990003
301473495001
255015598001
255017185001
256658511001
401944399001
311042924001
301473430001
301473433001
301473429001
301473426001
401798635004
401798635005
401798635005
401798635008
401798635006
401798635006
401798635007
401798635007
311043206003
311043206004
311043206005
311043206006
311043206007
311043206008
311043206009
311043206010
402045572001
256652448001
256568443001
402098089013
402098089017
402098089018
402098089014
402098089019
402098089015
402098089016
256633651003
256633651004
256633651005
256633651006
256633651007
256633651008
402098091001
402098091002
402098091003
402098083003
402098083004
402098083005
402098083006
402098083007
402098083008
402098082002
402098082003
402098082004
402098082005
393149635003
301473428001
256557678001
402043158001
393149635002
311042156001
393147467001
256557676001
393149656001
393149656001
402098088002
402098088001
402098088003
402098088004
402098088005
402098088006
402098088007
402098088008
402098084001
255198019001
254668205001
254668205002
254668205003
254668205004
254668205005
202171279001
202171279001
256643144703
256643144704
256659095001
256605177001
256605177002
402204182005
402204182006
256597174001
256628263001
256628263001
256606927001
256606927001
256456426001
256456426001
256664531001
256664531001
256673503001
256673503001
202173198001
256647811001
256637298001
256552654001
256652476001
256561359001
256596369001
256597099002
256597099002
256597099001
256597099003
256597099003
402039099001
402039099001
311041111001
311041111001
402039876001
402039876001
302803603001
302803603001
256628259004
256628259002
256628259005
256628259003
256631967001
253757260105
253757260106
253757260107
253757260108
253757260109
201872803301
201872803302
255611498011
202012204003
202012204004
202012204005
256723982201
256723982001
256723982101
256669688301
256622426001
256639981001
256642054001
256739005001
202173427001
256642795007
256642795007
256642795008
256642795008
256642795009
256642795009
256642795010
256642795010
256642704001
256642795011
256642795011
256642795012
256642795012
256642795013
256642795013
402128989001
402128989001
256640815001
256718339001
256669330001
402249805001
256664174001
202177835001
256664174002
402228132001
256593812001
256593812001
311072362001
256593812001
256646454001
256658852001
256630517001
256630517002
256630517003
256630517004
256630517005
256630517006
256630517007
256642323001
256512675005
256512675005
256512675005
256512675004
256512675006
256512675006
256512675006
256512675007
256512675007
256512675007
256512675008
256512675008
256512675008
256595740007
256595740009
256595740012
256595740102
256613801401
256522559001
402227594001
402227594001
402227531001
402227531001
256642704003
256642704001
256642704002
256642704002
256642704003
256642704004
402123882001
402123882001
402226836001
402226836001
402120235001
402120235001
402002059001
402002059001
402129277001
256568168001
256568168001
256568168001
256557114001
256557114001
256557114001
311073174101
311073174101
311073174101
256598572001
256598572001
256598572001
256598572002
256598572002
256598572002
256598572003
256598572003
256598572003
256598572004
256598572004
256598572004
256598572005
256598572005
256598572005
256512660003
256512675009
256512675009
256512675009
256512675010
256512675010
256512675010
256585486001
256585486001
256585486001
256512660001
256512660001
256512660001
256512660002
256512660002
256512660002
256512660003
256598512001
256598512002
256598512002
256598512002
256625685001
256625685001
256625685001
256625685002
256625685002
256566745001
256600795001
256575335002
256575335901
256597532001
301122942014
301122942015
256642704004
256643181001
256643181001
256643181002
256643181002
256643181003
256643181003
256643181004
256723266007
256598572006
256598572006
256598572006
392978727001
256512660003
256512660004
256512660004
256512660004
256512660005
256512660005
256512660005
256512660006
256625685002
256625685003
256625685003
256625685003
256625685004
256625685004
256625685004
256625685005
256625685005
256625685005
256625685006
256625685006
256625685006
256625685007
256625685007
256625685007
256595740010
256595740008
256595742207
256595735006
256595740006
256595740101
310994651010
310994651006
310994651009
310994651005
256723231002
256550825001
256550825501
256569594001
256575533201
256523771601
256552631003
256723266020
256723266011
256723266001
256723266018
402128060001
402148549001
402148549001
402148549001
256475911006
256475911007
256475911007
256475911007
256475911008
256475911008
256475911008
256475911009
256475911009
256475911009
256475911010
256475911010
256475911010
256571732001
256571732001
256571732001
402148549101
402148549101
402148549101
402148547001
402148547001
256512660006
256512660006
256512660007
256512660007
256512660007
256512660008
256512660008
392979084001
401847138001
311063511001
256595742214
256523771301
256550825101
256523771001
401986725101
402197071001
308534406001
308526193001
308533807001
308533807001
202063839502
202063839503
202063839504
202063839505
202052716001
202057424001
202056316001
202052457001
202055901001
202008039001
202008400001
202008400101
202007062001
202008319001
254997774001
254997447301
254999746001
255655665101
255681499001
307879534005
307879534004
307879534006
307879534007
402131905001
255658509001
255590204901
255621711001
255022164001
255022345001
202063864701
202065472401
202066946301
202066946601
253757260115
253757260111
253757260112
253757260113
253757260114
253757260116
253757260117
253787071101
253769727401
253787666001
253770533101
253775126001
253780953001
253785152002
256623329001
307959580001
307959580003
307959580001
307959580002
307959580002
254913796001
254917097001
254912485001
254912485002
254912485003
202063839506
202063862001
202063862801
254811649001
254818456001
254816398001
255020318001
255020700001
255020894101
202012357001
202012924101
202012926001
254832734001
255097753001
202060181210
202060181211
202060181212
202060181213
202060185201
254438525204
254438525205
254438525206
254438525207
254438525208
202013511401
202014116401
255020894001
254881194001
254879548001
202008336001
202008337001
202008402001
202008759201
255658267001
202002271001
202003162001
254164225001
254164290001
254164331001
254164395001
254164441001
254735326001
254230758001
254235184301
254253976002
254254108001
254307611001
254307611002
254307611003
254307611004
254307611005
254307611006
254307611007
202011271001
202011300001
202010889001
202010884001
202010449001
201874405501
201874405502
201874405503
201874405504
201874405505
253843471005
253843471006
253843471007
253843471008
253843471009
253843471004
253843471010
253843757101
201877465110
201877465111
201877465112
201877465113
201881812001
254360413001
254360413001
254307611008
254886340001
254882502001
254886883001
202013871101
202013871201
202014484001
202013871001
201917210002
201917210003
201917210004
201917210005
201917210006
202173932001
202173932002
256723266009
256579272101
402132583001
256609493202
256609493203
256609493204
256609493201
256441324201
253864013002
253864013003
253864181101
253864803701
253867524101
253843757201
253847504001
253854620001
253863775001
253864013001
401838671005
401838671006
401838671009
401838671007
307267090001
256582161001
256561908001
256569056001
256652805001
256656570001
256564220001
256564220002
256645319001
256645319001
256647209001
256647209001
202174123001
202174123001
402130250001
256547678001
256547678001
256547678001
256547678003
256547678003
256547678003
256547678004
256547678004
311072363001
256475933001
256475933001
256475933001
256475933002
256475933002
256475933002
256475933005
256475933006
256475933006
256475933006
256475933007
255688336001
255754122008
255754122009
255754122010
255754122011
202005760301
202004796301
202005760101
202005760001
402124942901
402124942001
308402398001
253867633010
253867633011
253867633012
253867633013
202066950004
202066950005
202066950006
202066947201
202066950001
202066950002
202066950003
256594875001
256594875001
256640807001
256640807001
256643981006
256643981006
256643981007
256643981007
256643981008
256643981008
256643981009
256643981009
256651793001
256655951001
256660405101
202169342102
256642897001
256642897001
256643984004
256643984004
256643984005
256643984005
256643984006
256643984003
202169342108
202169342109
202169342601
202169342603
202169342602
256643984006
256604985001
308010774001
256629633001
256622906001
256647994001
256654357004
402130602001
256674115001
202169342103
202169342104
202169342105
202169342106
202169342107
393192549001
256582812001
256582812002
256582812003
202062919206
202062921402
202062919207
202062921401
202062921403
202044205002
202046823201
202044205001
202048816001
202048816001
202049004001
202049004002
202049004003
202051116001
202049004004
254532135401
254513493001
254535485001
254537240001
254542079001
254487620001
254488698201
254493789001
254496738401
254504530901
254987209001
254986600001
254770828001
201936094203
201936094204
201936094205
201936094206
201936094208
201936094207
256668541102
256668541101
402009411001
402197005001
256626323001
256611130001
256628259006
256619980001
402009459003
311016970001
256641036001
202175067001
256620326001
309508045001
309508045001
402039064001
309254314001
402039064001
256613802007
256613802008
256609493205
256613802009
256609493113
401937620001
307267109501
401847945005
393149431001
402044593001
393148705001
402044325001
393148704001
392979062001
401843808001
393148703001
311043206001
311043206002
402098089008
402098089009
402098089010
402098089011
402098089007
402098089012
256593289001
309194116001
202029560315
202037688401
202029560312
202029560313
202029560314
255754122012
255754122013
255754122014
255611498012
255611498013
255611498015
255611498016
255611498017
255698253001
255611498014
256534553001
402129027001
255183814001
255019253001
254896841001
254939454001
254902155001
254895040002
254924677001
202063833605
202063839301
202063839501
202063833601
202063833602
202063833603
202063833604
402044319001
402045568001
393149798001
402045569001
256633638001
256723255020
402206054001
402206054004
402206054002
402206054003
254546793301
254547234001
254547234001
254547497001
254549799001
254560876001
254579226001
254606766001
201966765401
201967509001
201971629001
201971629002
201971629003
254739586001
254741353001
254746701001
254746683001
254980866001
254981175001
256654357001
256654357002
256654357003
256641962001
256664415101
256566028001
256627183001
256643576001
256599375301
256582812007
256582812008
256582812009
256582812010
256582812011
202169342101
256646130001
402044062001
402044091001
253958016002
253958016002
253958016001
253958016003
253958016003
254467184001
202014119204
202014119205
202014119206
202014119207
202014119208
202014119209
201912678001
201911774601
201911786001
201911786201
201911788501
201911790401
256645366001
256675516001
256675516002
256675516003
256675516004
256643969001
254138355001
254141235001
254142091001
254142091101
254142091201
202014736301
202014736401
202014736501
202014284001
202014284301
202014325701
202014410901
202014736001
256582955301
402207770001
402044578001
256647717001
311041546001
256662940001
256595772001
256475911001
256475911002
256475911002
256475911002
256475911003
256664557001
256645779001
256642214001
256677546001
256595735003
256638721001
256636326001
256636326001
256626215001
256638721001
401800716001
256586786001
256586786001
311042542001
311042542001
393149389001
393149389001
401800716001
202175364001
256658442001
256651319001
256651319002
256651319003
256651319004
202174079001
256634661001
256603101001
402128346001
256645756001
51079540001
402039044001
256525762001
256525762001
309293284001
309293284001
256580720001
256595832002
256626215001
402037404001
401839083001
309254970001
309254970001
309293275001
309293275001
256664157005
202173149003
256581181001
256652497001
256621352001
256645741001
202008870201
254395430101
254418061001
254427925001
254427925001
254436248001
255754122001
255754122002
255754122003
255754122004
255754122005
255754122006
255754122007
202057444001
202056288001
202058046501
202058046502
202058046503
202055357003
202055357006
202055357007
202055357004
202055357005
202055357008
202055359001
202055376801
202055424001
202058046504
202058046505
202058046507
202058046506
202058046508
254892017001
254889914001
254888092001
255025352001
255024677001
254994186001
254993768001
254994030001
308507027001
308507027001
256595832003
256582817002
256582817003
256582817004
256582817005
256582817001
301122942008
301122942009
301122942005
301122942006
301122942007
256475911006
256682627008
256579272401
256579272501
256579272601
256579272701
256579272801
256612284001
256666502001
256649953001
202169329001
393149651001
393149651002
256582817006
256582817007
402204200001
202166560001
402198836001
301122942010
301122942011
301122942013
301122942012
256609849002
256609849001
256609849003
256609849004
256609849005
256609849006
256609849007
256609849008
202168438001
202168438001
202004778401
202004778101
402130249001
256622806001
402130529001
402130529001
402125552001
402125552001
402129827001
256684811001
202180665001
202180665001
256652871001
311042693001
402126958001
307267167001
256569934001
256569934001
202175996007
202175996004
202175996005
202175996006
392978745001
401800867001
392978896001
401838671001
401838671002
401838671003
401838671004
256588805009
311127637001
311127637002
311127637003
311127637004
311127637005
311127637006
311127637007
256609894001
256609894002
256643990008
256643990008
256643990007
256643990009
256643990009
256595190001
202168721001
402204149001
256582812004
256582812005
256582812006
256595170001
256609894008
256595740004
202060181206
202060181207
202060181208
202060181209
202060181203
202060181204
202060181205
256603300001
202163637001
256643981003
256643981003
256643981004
256595740308
201971629009
201971629004
201971629005
201971629006
201971629007
201971629008
202053533009
202053533008
202053533010
202053533011
202053536601
202053563901
202055357001
202055357002
202066950012
202066950015
202066950013
202066950014
254668205011
254668205012
254668205013
254128567001
254129772101
254129940001
254130345001
254130345801
254135002001
254099522001
254135544001
254135753401
254138050001
254138271001
201995874001
201999904201
202000511301
202014119001
202014119002
254952095001
202014119003
202014119004
202014119005
202014119006
202014119007
202014119008
202014119009
202014119010
202014119011
202014119012
254155293101
254162186001
254158334001
254159404001
256709713001
256661486001
256659071002
201913756001
201914533001
201914533301
201914625801
202014912001
201917210001
254747793001
254751673001
254748245001
254751550001
255024070001
201986093001
201986093901
202020819001
202017345101
202019933201
254680286001
202072062001
254049415001
254055576001
201994314501
201994314502
201994336101
201994574001
202026103001
202044957001
256627005001
202171950001
202171950001
256664290001
256643969005
256643969002
256643969002
256643969003
256643969003
256643969004
256643969004
256643969005
202043145004
202043145005
202042003502
202043145001
202043145002
202043145003
202038710013
202038710014
202038711001
202038711002
202038711003
202043145006
202043145007
202043145008
202043145009
202038710006
202038710007
202038710008
202038710009
202038710010
202038710011
202038710012
254152699001
254155165001
202060181201
202060181202
256595141001
255004850001
255002943001
255005030001
202074412001
254781468001
201906202401
201908536101
201909259301
201909259302
201909259303
201909259304
201909259305
202013511001
254986512001
311091588001
202165796001
202165796001
202162038001
401847689001
393149590001
311041776001
92770610001
311041778001
256643990010
256643990010
256643990011
256643990011
256615100001
256595740309
256595740307
256643984001
256643984001
256643984002
256643984002
256643984003
256636671001
311043609001
392979068001
202175748001
402044826001
256604324001
307267141001
307267141001
307267167001
202174186001
202175996001
202175996002
202175996003
256584327001
308579717001
308579717001
308592939001
308593889001
308593889002
308594476001
308603171001
308689600001
253808187001
253817000001
253818626001
253823705001
307880907001
307879534008
307879534009
307879534010
307879534011
254801328001
254802308001
254801988001
202059663008
202059663009
202059670101
202060167301
202060167501
202017173601
256588805001
256588805002
256588805003
256678084004
256678084005
256678084008
256678080001
256642897002
256642897002
256642897003
256642897003
256642897004
256642897004
402043272001
402130147001
256584327001
256643990004
256643990004
256643990005
256643990006
256643990007
256643990005
256643990006
256595534001
393149523001
255695600401
301587345001
306150301001
306150301002
202053533004
202053533003
202053533005
202053533006
202053533007
202053533002
202051117301
202052301001
202053025001
202053162001
202053533001
256665852001
256730087001
256678084001
253800462001
253805097001
253807407001
253807407002
253807407007
253807407003
253807407004
253807407005
253807407006
256633651009
256633651010
256633651011
256633651012
256633651013
256633651014
256633651015
202176333001
309295509001
308964932001
402098091004
402098091005
402098091006
402098091007
402098091008
402098091009
401799643013
401799643012
401799643012
401799643013
401799643014
402098084002
402098084003
402098084004
402098086001
402098086002
402098086003
402098086004
402098086005
402098091015
402098091016
402098091017
402098091018
402098091019
301477929001
401838335001
393146161101
256658796001
256479607001
401799643014
401799643015
401799643015
401799643016
401799643016
256623514001
402098091014
402098091010
402098091011
402098091012
402098091013
401799643008
401799643007
401799643008
401799643009
401799643009
401799643010
401799643010
401799643011
401799643011
402129063001
402129063001
402131171001
402131171001
402128718001
402128718001
402126719001
202039389801
202039885001
202039389701
202041628001
202042003501
202038711004
202038711005
202038711007
202038711006
202039388401
256731630004
392978902001
392978902001
256601875001
256654277001
202175365001
202175560001
256475933003
256475933004
256475933004
256475933004
256475933005
256475933005
256475933007
256475933007
256475933008
256475933008
256475933008
202175996008
256614046001
393174039001
393174039001
402043705001
402043705001
402044059001
256575871001
256613744001
256613744001
256473630001
309255030001
309255030001
256597419001
256597419001
256597419002
256597419002
402039094001
402039094001
309293278001
309293278001
402039044001
256595742213
256595740306
256595740109
256606682001
256535425001
256601203001
256585453001
256586728001
256730088001
256610564001
402049705901
256610564001
402049705901
256625838001
256549894001
256611848001
256597593001
256597593002
256601410001