2538422672
2538429800
2538434710
2538434710
2538353670
2538388470
2538400920
2538421110
2541698230
2541797710
2541827790
2541473428
2541488960
2541518490
3081912510
3081912510
3081912510
3081912510
3079595800
3079595800
3079595800
3079595800
3079595800
2544385252
2544385252
2544385392
2544385392
2556357513
2548288983
2020109030
2020110630
2020112780
2020112786
2020114270
2020109055
2020122040
2020122040
2541902500
2541938080
2541942110
2542015410
2541827821
2541871030
2541871030
2541878940
2019896340
2019918820
2019926000
2544368090
2544385250
2544385250
2544385250
2544385250
2544385250
2544385250
2544385250
2544385250
2544385250
2020080710
2020082200
3084244330
3084374950
3085209200
3084879220
3085209770
3085228590
3084879220
3085261830
2550121820
2550134430
2550122420
2550117730
2544385252
2544385252
2544385250
2544385250
2544385250
2544385252
2544385250
2544385250
2544385250
2544385250
2544385250
2020295600
2020295600
2020295600
2020295600
2020295600
2020295603
2020295603
2020295603
2020295603
2020295603
2020295603
2020294271
2020273850
2020295600
2020295600
2020295600
2020295603
2020295603
2020295603
2020295603
2020295603
2020295600
2020295600
2020295600
2020295600
2020295600
2020295600
2020295600
2020295600
2020295600
2020295600
2020382670
2020387100
2020387100
2020387100
2020387100
2020387100
2019493050
2019493050
2019493050
2019493050
2019517230
2019519720
2019531340
2019531573
2019659560
2020177355
2020178800
2020182370
2020188850
2020188854
2020193540
2020601676
2020601686
2020194414
2020223801
3085344060
2536978400
3085350260
3085350260
3078795340
3078795340
3078795340
2020629214
2019225575
2019225575
2019225575
2019360942
2019360942
2556081870
2556431950
2556425780
2020141190
2020141192
2020141190
2550030960
2019493050
2019493050
2019493050
2019493050
2019493050
3931439770
3110435140
2566336510
2566336510
2550172200
2550190284
2550196260
2550172207
2550172203
2549678112
2549622251
2549674601
2549678114
4018387440
2539580160
2539322840
2539358630
2539458650
2539555592
2020601881
2020601882
2020601884
2020620581
4021272260
4021272260
4021301360
4021301360
2565476780
2565476780
2565476780
2565476780
2565476780
2565476780
2565476780
3110723630
3110723630
3011229420
2567232850
2567232850
3011229420
3011229420
3011229420
2565526370
2565828090
2565828090
2565828090
2565828090
2565828090
2565828090
2566264340
2566422750
2565805460
4022146200
2021665820
3111271210
2566270630
2565828090
3109946510
3109946510
2021693426
2021693426
2021693426
2565642200
2565642200
2565642200
2565642200
2565642200
2021693426
2565807200
2566019850
2566140460
2566019850
2567316300
2567232310
2564736300
2021690300
2021690300
2564249980
2564249980
2566165110
2566165110
2564759330
2564759330
2566604540
2566126400
2566269890
4021213870
4021213870
2546894570
2546870450
2546893990
2566272290
2566138020
2566138020
2566094932
2566094932
2566138020
2566094932
2566094932
2566094932
3028031829
4020367820
4020367820
3070250330
4020437170
3070250330
2565971740
4019323490
4019323490
4019323490
2565858040
2566136040
3931741220
3110638290
3110638290
2566543200
3092543140
3092543140
3092543140
2565364530
2565364530
4021325840
2546617231
2020240470
2546682050
2546682050
2546682050
2546682050
2546682050
2541151400
2541173481
2541231340
2541258660
2541079640
2541080118
2541119410
2541096290
2541117920
4022146840
2021653220
4022041060
4022041040
4022041820
4022087720
2566282590
2021725400
2566419810
2566115000
2566173550
2565957350
2567232850
2566094931
2566094931
2566094931
2566094931
2566094931
2566094931
4020448680
4020448680
4020448680
2566235990
2566780800
2021733260
2566190200
3092932720
3092932720
4020437170
4020437170
4020437170
2565911740
2565911740
2567232600
2567241430
2566404870
2566404870
2566404870
2566404870
2566404870
2566404870
2566138020
2566138020
2566138020
2566138020
2566138020
2566138020
2020580465
2020580465
2020585800
2020596630
2020596630
2020596630
2020596630
2020596630
2020596630
2020596630
2556867100
2556891190
2544385392
2544385392
2544385392
2544385392
2566434550
4018385380
3931494570
3929788650
2565948810
2565948810
2566780840
2566780800
2566780840
2566780840
2565888050
2565888050
2565888050
2565888050
2565888050
2546682050
2546682050
2566098940
2566098940
2566098940
2566157760
2566098940
2566098940
3045685150
4021285210
4021305600
4019460260
2566121430
4021272610
4021284890
4021284890
4021205710
4021205710
4021274550
4021274550
4021265000
4021265000
4019444390
4019444390
4019440620
4019440620
4022275620
3110723600
3110723600
3110723600
2565510830
2565510830
4019622770
4019622770
4019622770
4019622770
4019622770
4022275620
4019440610
4019440610
4021281330
4021281330
2565225590
2566427950
4019622770
4019622770
4019622770
4019622770
4018008170
4020423890
3056662150
3929787510
3011228220
3929759660
3011220310
3929790040
4020447610
2566428970
2566428970
2566428970
2566428970
2566428970
2566428970
2566428970
2566428970
2566428970
2566428970
2566428970
2566428970
4019622770
4019622770
4019622770
4019622770
4019622770
4019622770
4019622770
4019622770
4019622770
4019622770
4019622770
4019622770
2566542800
2565510830
2565645580
2565645580
2565645580
2565985120
2565985120
3110426970
2566151000
2566427950
2566427950
2566427950
2566427950
2567235770
3110741310
2566427950
2565957400
3110731740
3110731740
3110731740
2566054350
2566054350
2566054350
2566054359
2566054359
2566054359
2565126750
2565126750
3109946510
3109946510
3109946510
2566427950
2566427950
2566427950
2566427950
2566427950
2566427950
2566634250
2021762190
2566590290
2566456800
2566695440
2566305140
4019322840
2566305140
2566305140
2566305140
2566305140
2566305140
2566305140
2566305140
2566305140
2566305140
2566305140
2566863300
2566305140
2565126750
2565126750
2565126750
2565126750
2565126750
2565126750
2565126750
2565126750
2565126750
2566780800
2566826440
2566826410
2566826410
2537494100
2537572601
2537572601
2537572601
2537572601
2550106960
2547026473
2020147366
2542069840
2542079190
2542211090
2542211090
2542271850
2547791800
2546831530
2546831560
2546831510
2546817986
2547791800
2556964790
2557637310
2019360942
2019360942
2019360942
2540461690
2540776420
3012491120
3012491120
2539967860
2540018650
2540077180
2540191870
2540364110
2539580160
2539580160
2539580160
2539623870
2539829760
2539939650
3095081540
3072672760
2566431447
2566431447
2566519220
2021745980
2563163220
2566050670
2566366710
2566366710
2566366710
2565356450
2565356450
4020439700
4020439700
4020374080
4020374080
2021665830
2565830740
2565828120
4022042070
4021331930
4021321550
3929774960
3929787080
3929787890
3011229532
2565145360
2566408150
2566641740
2566641740
2566011610
2566668040
2021760320
2565908710
2565908710
3110723620
2565908710
3110723620
3110731730
3110731730
3110731730
3011229420
2566826410
2566826440
4021292770
4019455820
4019455820
4021272380
4021272380
2566350070
2565596650
2565701110
2565881670
2566348810
2566826440
3046049630
3046049630
4022266120
4022266120
4021292970
4021292970
4021280609
4021280609
4021280600
4021308800
4021243470
2565126600
2565671170
2565126600
2565126600
2565126600
2565126600
2566826410
2566826440
2566548890
3111087441
2566412106
3111087453
4019867910
2566312170
3109946510
2566638770
2566659220
4020093680
2566150750
2567055980
2565126600
2565126600
2565126600
2565126600
2565126600
4021309860
4019867250
4019322860
2021757470
2544385392
2544385392
2544385392
2021757470
2021757470
2021757470
4018476640
4018479450
3110433300
3092952400
3931496350
3931498370
3110425570
3110425570
3110425570
3092952410
2566487060
4017986350
4017986350
4017986350
4017986350
4017986350
3092952120
3110433340
3110433280
3110431850
4018479450
4018386360
4018386360
3929790210
3929790210
2566126090
2566094930
2566094932
2566094932
2566094930
2566094930
2566094930
2566162210
4022041310
4022041820
4022041820
4022041820
4022041820
2566588190
2566643110
2566635910
2566260990
4022060540
4020497057
4020497057
4020497053
2547123700
2547109600
2547113340
2547040000
2020141192
2019124510
2020141192
2019120820
7832481900
2552812060
3110431280
3110431370
3110432530
3931461620
3931497730
4020980910
4020980910
4020980910
4020980910
4020980910
3080368830
3080368830
4017985920
4019440630
4019440630
4019443990
4019457780
4019457780
4021251550
4021251550
3110425560
3110425560
3110425560
3110425560
3110425560
2565696350
2566502240
3931492700
4018479320
2566912360
2566912360
2566912360
2566235140
2566912360
2566912360
2566912360
3931495970
2566912360
2566912360
2566912360
2566912360
3931495970
2566336350
2566336350
4020443250
4020443250
4020443250
2566336350
4020980860
4020980860
4020980860
4020980860
4020980860
4020980860
4020980850
4020980850
4021266140
4021266140
4022266130
4021306990
4022266130
4021306990
3110425560
3110425560
3110425560
3110425560
3080372300
3014734270
3014734320
3080368870
2565576810
3931494330
4020428750
2566173860
2566482220
4017986350
4017986350
4017986350
4017986350
4017986350
4017986350
4017986350
2566336350
2566336350
2566336350
2566336350
2566336350
2566336350
2566336350
4020431870
4020980850
4020980870
4020980870
4020980870
4020980870
4020980870
4020980870
4020980870
4020980870
4020980870
4020980870
4020983380
3931498070
3110436750
3931474610
2566018810
4020443530
2020053361
2020053364
2020072520
2544385392
2544385392
2544385392
2544385392
2544385392
2544385392
2544385392
2544385392
2544385392
2544671480
2020669500
2020669500
2020669500
2020669500
2020669500
2020697010
2020669500
2020706900
2020669522
2567232550
2548517150
2018744055
2018814801
2018788680
2018744030
2539580160
2539580160
2539580160
2539580160
2539580160
2539580160
2539580160
2539580160
2539580160
2539580160
2539580160
2565958320
2565958320
2565958320
2565958320
3014779289
4018479300
2021763340
3931497720
2021753880
2021753880
4020091740
4020094590
4020094590
4021298270
4021283150
4021283150
4021282920
4021282920
4021260980
4021260980
2550115460
2550122420
2550115460
2550115460
2550122420
2020153730
2020153730
2020153730
2020153730
2020153730
2020153730
2547576920
2547538370
2547545990
2547610210
2547608570
4017985920
3931492970
3110436200
4020428700
3110429890
2566239490
4018387910
4018387910
4017996430
4017996430
4017996430
4017996430
4017996430
4017996430
4017996430
4017996430
3092954960
4018438060
2021721240
3080368860
3110421110
4018479420
2565735620
3929781300
4017996430
4017996430
4017996430
4017996430
4017996430
4017986350
4017986350
4017986350
4017986350
4017986350
4017986350
4017986350
4017986350
4020980890
4020980890
4020980890
4020980890
4020980890
4020980890
2566418490
2566295840
2565798250
4017985290
3931740440
2566535250
3929785660
3072669270
2566564080
2566422140
2566826270
2551838350
2566513190
2566513190
2566555440
2566513190
2566513190
2566513190
2566513190
2566513190
2566513190
2566513190
2566513190
2566513190
2566532140
4020980900
4020980900
4020980900
4020455300
3014779280
3080364910
2565576720
3080372290
2020601859
2020601872
2020601873
2020601874
2566430800
2565665380
2567316300
2567316300
2566826270
2565704470
2565704470
4020374070
2565970990
4020374070
2564822420
2547113350
2541420913
2541463360
2541473422
2541473427
2541473423
2566439810
2566439810
2566439810
2566439810
2566439810
2566439810
2564759110
2564759110
2564759110
2564759110
2564759110
2566156150
2566168470
2565882210
2566217590
3931496510
3931496510
3931496510
3931496510
2021692010
2566172360
2565355290
2565958320
2565958320
2565958320
2565958320
2565958320
2564759110
2564759110
2564759110
2564759110
2565508080
2565508082
2565508081
2565508084
2565518150
2565508253
2565508089
2565508087
2565636900
2565508085
4020374040
3092506720
3092506720
4018476210
4018476210
4021972060
2566433630
2566433230
4019322850
2566239590
2566556080
2565828090
2565828090
2565828090
2565828090
2565828090
2566257120
2566257120
2566257120
2564759110
2564759110
2565642200
2021759960
2021759960
2021759960
2021759960
2021759960
4021968500
2566296430
2565755331
2565745840
2565508086
2565542680
2565825640
2565508252
3092932790
4020397710
3092932790
2566457410
2565906921
2565993750
3089066090
2565958320
4020397710
3929789540
3929789540
2565986950
2565986950
3931495050
3931495050
4020439750
4020439750
4020391140
4020391140
3931496390
3931496390
4018390830
2546946290
2546948800
2546972120
2546946580
2547519110
2547753470
2547775390
2547791800
2547791800
4020980820
4020980820
4020980820
4018387720
4020431690
4019453010
4019453010
4022277570
4022277570
4022269430
4022269430
4021263760
4021263760
4022273400
3110431490
3110431490
3110431490
3110431490
2566912360
2566912360
2566912360
2566912360
2566912360
2566912360
2566912360
2566912360
3080372880
3931474600
3014779350
3092952510
3110431960
3931498180
2565944060
3931498690
4017996480
3092955150
2566667290
4020980910
4020980910
4020980910
4020980910
4020980830
4020980830
4018010259
4020437900
3931495850
4018479130
3092955120
4019312410
4019312410
4021292450
4021292450
4022273400
4022283820
4022283820
4022272000
4022272000
4019448220
4019448220
4021244620
4021244620
3110425570
3110425570
3110425570
3110425570
3110425570
3110425570
3110425570
3110431490
3110431490
3110431490
3110431490
3110431490
4018387850
3110441100
4018479140
3931474620
4018479330
2566912360
2566912360
2566912360
2566912360
4017986350
2566912360
2566912360
4018009090
4018009090
4020504350
4020504350
4018010100
4018010100
4017986350
4018381360
3092952500
2566336350
2566336350
3014734310
2565684490
4018438070
2566336350
2566336350
3110436550
2566135050
2566135050
2566135050
2566135050
2566135050
2566135050
2566135050
2566135050
2566135050
2566135050
2566135050
4020093460
4020093460
4020093460
4020093460
4020093460
4020093460
4020093460
4020093460
4021262980
4021262980
4019443100
2566431810
2566431810
2566431810
2566431810
2566431810
2566431810
2566431810
2566431810
2565671170
2565671170
2565760220
2565760220
2565760220
2566639110
2565957400
2566349380
2021728640
2565985200
3931497580
2566389670
4022269420
4019448420
4019448420
4021272610
4019443100
4022269420
4019867330
4021285060
4022280750
4019622710
2566431810
4019622710
3929788970
3929788880
4020448440
3929790050
3929771500
4020448430
3929788250
3090024150
2566667810
3109946510
3109946510
3109946510
3109946510
3109946510
3109946510
3109946510
3109946510
4021485470
2565571190
2565571190
2565571190
2567198120
2565843370
2565843370
2565913250
2566800660
3110910210
4019622770
4019622770
4019622770
4019622770
4019622770
4019622770
4019622770
4019622770
4019622770
4019622770
4019622770
4019622770
4019622770
2565934390
2566826410
2565957350
3931496340
2564959730
2564959730
2536244707
2536618611
2538676330
2539035800
2539077490
2538690160
2538972180
2539035800
2018728033
2018728033
2018728033
2018728033
2539106330
2539106330
2539135171
2539322030
2539322030
2018728033
2018728033
2018728033
2018728033
2018728033
2018728033
2018728033
2538676330
2538676330
2538676330
2538676330
2018744055
2018744055
2566159660
2566312740
3110169660
2566599000
2566598960
2566288864
2566498180
2020629192
2020629192
2020629192
2020629192
2020624058
2020629192
2020629161
2020629169
4022060540
4021486730
2566640050
2566024040
2566649540
4020497053
3028031829
2565689360
2565975540
2564652190
2564652190
4020439870
4020439870
2565518790
2565518790
3092932800
3092932800
2565710450
2565710450
2566605610
2566478880
2566390190
2021691520
2566094930
2566094930
2566094930
2566094930
2566094930
2566094930
2566094930
2566094930
2566094930
2566094930
2566094931
2566094931
2566094931
2566094931
2566094931
2566094931
4022041030
4021267190
2019092593
2019092593
2019092593
2019092593
2019092593
2019092593
2019092593
2019092593
2019117740
2019117743
2547026471
2546991100
2565958320
2565958320
2556452294
2541654870
2541692852
2541692852
2541698230
2019493050
2019492758
2019493050
2019493050
2556718050
2557389050
2565592080
2018728033
2018700550
2018700503
2018696748
2018642746
2018642746
2539322840
3086896150
3087318680
3087318680
2537440331
3087403090
3087412300
2018838500
2018824957
2018824945
2018830790
2549718200
2020629214
2020629214
2020629214
2549974472
2549942010
2549965620
2556601001
2556956007
2557985050
2019360942
2019360942
2019360942
2019365490
2019366120
2019463121
2019492758
2567232850
2567232850
2555901860
2538676330
2538676330
2538676330
2538676330
2538676330
2018744055
2018744055
2018744055
2018744055
2018744055
2019853090
2552834220
2546470985
2546473475
2546505350
2546442950
2566618310
2565526520
2566439690
2018774651
2018774651
2018774651
2018774651
2018774651
2018774651
2018774651
2018774651
2018774651
2546123990
2546124030
2546124030
2546124040
2546124040
2546067660
2546071320
2546123310
2546123310
2546123990
2566314630
2566199750
2556114980
2556114980
2556114980
2556114980
2556114980
2547174140
2556114980
2556114980
2556114980
2556114980
2556114980
2018744072
2018790276
2018824930
2018830280
2018824931
2018824932
2019172100
2019193840
2019205732
2019221653
2020087773
2020087772
2020088701
2020595930
2545874000
2566439690
2566439690
2566439810
2566439690
2566439690
2566439900
2566439900
2566439900
2566439900
2566439900
2566439900
3014734950
2550155980
2550171850
2566585110
4019443990
3110429240
3014734300
3014734330
3014734290
3014734260
4017986350
4017986350
4017986350
4017986350
4017986350
4017986350
4017986350
4017986350
3110432060
3110432060
3110432060
3110432060
3110432060
3110432060
3110432060
3110432060
4020455720
2566524480
2565684430
4020980890
4020980890
4020980890
4020980890
4020980890
4020980890
4020980890
2566336510
2566336510
2566336510
2566336510
2566336510
2566336510
4020980910
4020980910
4020980910
4020980830
4020980830
4020980830
4020980830
4020980830
4020980830
4020980820
4020980820
4020980820
4020980820
3931496350
3014734280
2565576780
4020431580
3931496350
3110421560
3931474670
2565576760
3931496560
3931496560
4020980880
4020980880
4020980880
4020980880
4020980880
4020980880
4020980880
4020980880
4020980840
2551980190
2546682050
2546682050
2546682050
2546682050
2546682050
2021712790
2021712790
2566431447
2566431447
2566590950
2566051770
2566051770
4022041820
4022041820
2565971740
2566282630
2566282630
2566069270
2566069270
2564564260
2564564260
2566645310
2566645310
2566735030
2566735030
2021731980
2566478110
2566372980
2565526540
2566524760
2565613590
2565963690
2565970990
2565970990
2565970990
2565970990
2565970990
4020390990
4020390990
3110411110
3110411110
4020398760
4020398760
3028036030
3028036030
2566282590
2566282590
2566282590
2566282590
2566319670
2537572601
2537572601
2537572601
2537572601
2537572601
2018728033
2018728033
2556114980
2020122040
2020122040
2020122040
2567239822
2567239820
2567239821
2566696883
2566224260
2566399810
2566420540
2567390050
2021734270
2566427950
2566427950
2566427950
2566427950
2566427950
2566427950
2566427950
2566427950
2566427040
2566427950
2566427950
2566427950
2566427950
2566427950
2566427950
4021289890
4021289890
2566408150
2567183390
2566693300
4022498050
2566641740
2021778350
2566641740
4022281320
2565938120
2565938120
3110723620
2565938120
2566464540
2566588520
2566305170
2566305170
2566305170
2566305170
2566305170
2566305170
2566305170
2566423230
2565126750
2565126750
2565126750
2565126750
2565126750
2565126750
2565126750
2565126750
2565126750
2565126750
2565126750
2565126750
2565126750
2565957400
2565957400
2565957400
2565957401
2566138014
2565225590
4022275940
4022275940
4022275310
4022275310
2566427040
2566427040
2566427040
2566427040
2566427040
2566427040
4021238820
4021238820
4022268360
4022268360
4021202350
4021202350
4020020590
4020020590
4021292770
2565681680
2565681680
2565681680
2565571140
2565571140
2565571140
3110731741
3110731741
3110731741
2565985720
2565985720
2565985720
2565985720
2565985720
2565985720
2565985720
2565985720
2565985720
2565985720
2565985720
2565985720
2565985720
2565985720
2565985720
2565126600
2565126750
2565126750
2565126750
2565126750
2565126750
2565126750
2565854860
2565854860
2565854860
2565126600
2565126600
2565126600
2565126600
2565126600
2565126600
2565126600
2565985120
2565985120
2565985120
2565985120
2566256850
2566256850
2566256850
2566256850
2566256850
2565667450
2566007950
2565753350
2565753359
2565975320
3011229420
3011229420
2566427040
2566431810
2566431810
2566431810
2566431810
2566431810
2566431810
2566431810
2567232660
2565985720
2565985720
2565985720
3929787270
2565126600
2565126600
2565126600
2565126600
2565126600
2565126600
2565126600
2565126600
2566256850
2566256850
2566256850
2566256850
2566256850
2566256850
2566256850
2566256850
2566256850
2566256850
2566256850
2566256850
2566256850
2566256850
2566256850
2566256850
2565957400
2565957400
2565957422
2565957350
2565957400
2565957401
3109946510
3109946510
3109946510
3109946510
2567232310
2565508250
2565508255
2565695940
2565755332
2565237716
2565526310
2567232660
2567232660
2567232660
2567232660
4021280600
4021485490
4021485490
4021485490
2564759110
2564759110
2564759110
2564759110
2564759110
2564759110
2564759110
2564759110
2564759110
2564759110
2564759110
2564759110
2564759110
2565717320
2565717320
2565717320
4021485491
4021485491
4021485491
4021485470
4021485470
2565126600
2565126600
2565126600
2565126600
2565126600
2565126600
2565126600
3929790840
4018471380
3110635110
2565957422
2565237713
2565508251
2565237710
4019867251
4021970710
3085344060
3085261930
3085338070
3085338070
2020638395
2020638395
2020638395
2020638395
2020527160
2020574240
2020563160
2020524570
2020559010
2020080390
2020084000
2020084001
2020070620
2020083190
2549977740
2549974473
2549997460
2556556651
2556814990
3078795340
3078795340
3078795340
3078795340
4021319050
2556585090
2555902049
2556217110
2550221640
2550223450
2020638647
2020654724
2020669463
2020669466
2537572601
2537572601
2537572601
2537572601
2537572601
2537572601
2537572601
2537870711
2537697274
2537876660
2537705331
2537751260
2537809530
2537851520
2566233290
3079595800
3079595800
3079595800
3079595800
3079595800
2549137960
2549170970
2549124850
2549124850
2549124850
2020638395
2020638620
2020638628
2548116490
2548184560
2548163980
2550203180
2550207000
2550208941
2020123570
2020129241
2020129260
2548327340
2550977530
2020601812
2020601812
2020601812
2020601812
2020601852
2544385252
2544385252
2544385252
2544385252
2544385252
2020135114
2020141164
2550208940
2548811940
2548795480
2020083360
2020083370
2020084020
2020087592
2556582670
2020022710
2020031620
2541642250
2541642900
2541643310
2541643950
2541644410
2547353260
2542307580
2542351843
2542539760
2542541080
2543076110
2543076110
2543076110
2543076110
2543076110
2543076110
2543076110
2020112710
2020113000
2020108890
2020108840
2020104490
2018744055
2018744055
2018744055
2018744055
2018744055
2538434710
2538434710
2538434710
2538434710
2538434710
2538434710
2538434710
2538437571
2018774651
2018774651
2018774651
2018774651
2018818120
2543604130
2543604130
2543076110
2548863400
2548825020
2548868830
2020138711
2020138712
2020144840
2020138710
2019172100
2019172100
2019172100
2019172100
2019172100
2021739320
2021739320
2567232660
2565792721
4021325830
2566094932
2566094932
2566094932
2566094932
2564413242
2538640130
2538640130
2538641811
2538648037
2538675241
2538437572
2538475040
2538546200
2538637750
2538640130
4018386710
4018386710
4018386710
4018386710
3072670900
2565821610
2565619080
2565690560
2566528050
2566565700
2565642200
2565642200
2566453190
2566453190
2566472090
2566472090
2021741230
2021741230
4021302500
2565476780
2565476780
2565476780
2565476780
2565476780
2565476780
2565476780
2565476780
3110723630
2564759330
2564759330
2564759330
2564759330
2564759330
2564759330
2564759330
2564759330
2564759330
2564759330
2564759330
2556883360
2557541220
2557541220
2557541220
2557541220
2020057603
2020047963
2020057601
2020057600
4021249429
4021249420
3084023980
2538676330
2538676330
2538676330
2538676330
2020669500
2020669500
2020669500
2020669472
2020669500
2020669500
2020669500
2565948750
2565948750
2566408070
2566408070
2566439810
2566439810
2566439810
2566439810
2566439810
2566439810
2566439810
2566439810
2566517930
2566559510
2566604051
2021693421
2566428970
2566428970
2566439840
2566439840
2566439840
2566439840
2566439840
2566439840
2021693421
2021693421
2021693426
2021693426
2021693426
2566439840
2566049850
3080107740
2566296330
2566229060
2566479940
2566543570
4021306020
2566741150
2021693421
2021693421
2021693421
2021693421
2021693421
3931925490
2565828120
2565828120
2565828120
2020629192
2020629214
2020629192
2020629214
2020629214
2020442050
2020468232
2020442050
2020488160
2020488160
2020490040
2020490040
2020490040
2020511160
2020490040
2545321354
2545134930
2545354850
2545372400
2545420790
2544876200
2544886982
2544937890
2544967384
2545045309
2549872090
2549866000
2547708280
2019360942
2019360942
2019360942
2019360942
2019360942
2019360942
2566685411
2566685411
4020094110
4021970050
2566263230
2566111300
2566282590
2566199800
4020094590
3110169700
2566410360
2021750670
2566203260
3095080450
3095080450
4020390640
3092543140
4020390640
2566138020
2566138020
2566094932
2566138020
2566094931
4019376200
3072671095
4018479450
3931494310
4020445930
3931487050
4020443250
3931487040
3929790620
4018438080
3931487030
3110432060
3110432060
4020980890
4020980890
4020980890
4020980890
4020980890
4020980890
2565932890
3091941160
2020295603
2020376884
2020295603
2020295603
2020295603
2557541220
2557541220
2557541220
2556114980
2556114980
2556114980
2556114980
2556114980
2556982530
2556114980
2565345530
4021290270
2551838140
2550192530
2548968410
2549394540
2549021550
2548950400
2549246770
2020638336
2020638393
2020638395
2020638336
2020638336
2020638336
2020638336
4020443190
4020455680
3931497980
4020455690
2566336380
2567232550
4022060540
4022060540
4022060540
4022060540
2545467933
2545472340
2545472340
2545474970
2545497990
2545608760
2545792260
2546067660
2019667654
2019675090
2019716290
2019716290
2019716290
2547395860
2547413530
2547467010
2547466830
2549808660
2549811750
2566543570
2566543570
2566543570
2566419620
2566644151
2565660280
2566271830
2566435760
2565993753
2565828120
2565828120
2565828120
2565828120
2565828120
2021693421
2566461300
4020440620
4020440910
2539580160
2539580160
2539580160
2539580160
2539580160
2544671840
2020141192
2020141192
2020141192
2020141192
2020141192
2020141192
2019126780
2019117746
2019117860
2019117862
2019117885
2019117904
2566453660
2566755160
2566755160
2566755160
2566755160
2566439690
2541383550
2541412350
2541420910
2541420911
2541420912
2020147363
2020147364
2020147365
2020142840
2020142843
2020143257
2020144109
2020147360
2565829553
4022077700
4020445780
2566477170
3110415460
2566629400
2565957720
2564759110
2564759110
2564759110
2564759110
2564759110
2566645570
2566457790
2566422140
2566775460
2565957350
2566387210
2566363260
2566363260
2566262150
2566387210
4018007160
2565867860
2565867860
3110425420
3110425420
3931493890
3931493890
4018007160
2021753640
2566584420
2566513190
2566513190
2566513190
2566513190
2021740790
2566346610
2566031010
4021283460
2566457560
5107954000
4020390440
2565257620
2565257620
3092932840
3092932840
2565807200
2565958320
2566262150
4020374040
4018390830
3092549700
3092549700
3092932750
3092932750
2566641570
2021731490
2565811810
2566524970
2566213520
2566457410
2020088702
2543954301
2544180610
2544279250
2544279250
2544362480
2557541220
2557541220
2557541220
2557541220
2557541220
2557541220
2557541220
2020574440
2020562880
2020580465
2020580465
2020580465
2020553570
2020553570
2020553570
2020553570
2020553570
2020553570
2020553590
2020553768
2020554240
2020580465
2020580465
2020580465
2020580465
2020580465
2548920170
2548899140
2548880920
2550253520
2550246770
2549941860
2549937680
2549940300
3085070270
3085070270
2565958320
2565828170
2565828170
2565828170
2565828170
2565828170
3011229420
3011229420
3011229420
3011229420
3011229420
2564759110
2566826270
2565792724
2565792725
2565792726
2565792727
2565792728
2566122840
2566665020
2566499530
2021693290
3931496510
3931496510
2565828170
2565828170
4022042000
2021665600
4021988360
3011229420
3011229420
3011229420
3011229420
2566098490
2566098490
2566098490
2566098490
2566098490
2566098490
2566098490
2566098490
2021684380
2021684380
2020047784
2020047781
4021302490
2566228060
4021305290
4021305290
4021255520
4021255520
4021298270
2566848110
2021806650
2021806650
2566528710
3110426930
4021269580
3072671670
2565699340
2565699340
2021759960
2021759960
2021759960
2021759960
3929787450
4018008670
3929788960
4018386710
4018386710
4018386710
4018386710
2565888050
3111276370
3111276370
3111276370
3111276370
3111276370
3111276370
3111276370
2566098940
2566098940
2566439900
2566439900
2566439900
2566439900
2566439900
2565951900
2021687210
4022041490
2565828120
2565828120
2565828120
2565951700
2566098940
2565957400
2020601812
2020601812
2020601812
2020601812
2020601812
2020601812
2020601812
2566033000
2021636370
2566439810
2566439810
2566439810
2565957403
2019716290
2019716290
2019716290
2019716290
2019716290
2019716290
2020535330
2020535330
2020535330
2020535330
2020535366
2020535639
2020553570
2020553570
2020669500
2020669500
2020669500
2020669500
2546682050
2546682050
2546682050
2541285670
2541297721
2541299400
2541303450
2541303458
2541350020
2540995220
2541355440
2541357534
2541380500
2541382710
2019958740
2019999042
2020005113
2020141190
2020141190
2549520950
2020141190
2020141190
2020141190
2020141190
2020141190
2020141190
2020141190
2020141190
2020141190
2020141190
2541552931
2541621860
2541583340
2541594040
2567097130
2566614860
2566590710
2019137560
2019145330
2019145333
2019146258
2020149120
2019172100
2547477930
2547516730
2547482450
2547515500
2550240700
2019860930
2019860939
2020208190
2020173451
2020199332
2546802860
2020720620
2540494150
2540555760
2019943145
2019943145
2019943361
2019945740
2020261030
2020449570
2566270050
2021719500
2021719500
2566642900
2566439690
2566439690
2566439690
2566439690
2566439690
2566439690
2566439690
2566439690
2020431450
2020431450
2020420035
2020431450
2020431450
2020431450
2020387100
2020387100
2020387110
2020387110
2020387110
2020431450
2020431450
2020431450
2020431450
2020387100
2020387100
2020387100
2020387100
2020387100
2020387100
2020387100
2541526990
2541551650
2020601812
2020601812
2565951410
2550048500
2550029430
2550050300
2020744120
2547814680
2019062024
2019085361
2019092593
2019092593
2019092593
2019092593
2019092593
2020135110
2549865120
3110915880
2021657960
2021657960
2021620380
4018476890
3931495900
3110417760
9277061000
3110417780
2566439900
2566439900
2566439900
2566439900
2566151000
2565957403
2565957403
2566439840
2566439840
2566439840
2566439840
2566439840
2566366710
3110436090
3929790680
2021757480
4020448260
2566043240
3072671410
3072671410
3072671670
2021741860
2021759960
2021759960
2021759960
2565843270
3085797170
3085797170
3085929390
3085938890
3085938890
3085944760
3086031710
3086896000
2538081870
2538170000
2538186260
2538237050
3078809070
3078795340
3078795340
3078795340
3078795340
2548013280
2548023080
2548019880
2020596630
2020596630
2020596701
2020601673
2020601675
2020171736
2565888050
2565888050
2565888050
2566780840
2566780840
2566780840
2566780800
2566428970
2566428970
2566428970
2566428970
2566428970
2566428970
4020432720
4021301470
2565843270
2566439900
2566439900
2566439900
2566439900
2566439900
2566439900
2566439900
2565955340
3931495230
2556956004
3015873450
3061503010
3061503010
2020535330
2020535330
2020535330
2020535330
2020535330
2020535330
2020511173
2020523010
2020530250
2020531620
2020535330
2566658520
2567300870
2566780840
2538004620
2538050970
2538074070
2538074070
2538074070
2538074070
2538074070
2538074070
2538074070
2566336510
2566336510
2566336510
2566336510
2566336510
2566336510
2566336510
2021763330
3092955090
3089649320
4020980910
4020980910
4020980910
4020980910
4020980910
4020980910
4017996430
4017996430
4017996430
4017996430
4017996430
4020980840
4020980840
4020980840
4020980860
4020980860
4020980860
4020980860
4020980860
4020980910
4020980910
4020980910
4020980910
4020980910
3014779290
4018383350
3931461611
2566587960
2564796070
4017996430
4017996430
4017996430
4017996430
4017996430
2566235140
4020980910
4020980910
4020980910
4020980910
4020980910
4017996430
4017996430
4017996430
4017996430
4017996430
4017996430
4017996430
4017996430
4017996430
4021290630
4021290630
4021311710
4021311710
4021287180
4021287180
4021267190
2020393898
2020398850
2020393897
2020416280
2020420035
2020387110
2020387110
2020387110
2020387110
2020393884
2567316300
3929789020
3929789020
2566018750
2566542770
2021753650
2021755600
2564759330
2564759330
2564759330
2564759330
2564759330
2564759330
2564759330
2564759330
2564759330
2564759330
2564759330
2021759960
2566140460
3931740390
3931740390
4020437050
4020437050
4020440590
2565758710
2566137440
2566137440
2564736300
3092550300
3092550300
2565974190
2565974190
2565974190
2565974190
4020390940
4020390940
3092932780
3092932780
4020390440
2565957422
2565957403
2565957401
2566066820
2565354250
2566012030
2565854530
2565867280
2567300880
2566105640
4020497059
2566105640
4020497059
2566258380
2565498940
2566118480
2565975930
2565975930
2566014100
